99136
99130
99175
99230
99253
99254
99220
99148
99064
98963
98871
98790
98735
98689
98597
98494
98392
98289
98187
98083
97984
97877
97813
97747
97670
97607
97540
97496
97430
97383
97325
97272
97247
97204
97154
97147
97088
97035
96992
96957
96914
96886
96836
96775
96751
96685
96611
96544
96464
96399
96364
96330
96319
96311
96279
96271
96252
96208
96154
96098
96034
95970
95925
95872
95828
95804
95767
95737
95721
95688
95676
95673
95649
95658
95656
95654
95679
95710
95730
95766
95809
95836
95866
95897
95898
95921
95973
95997
96015
96052
96058
96062
96069
96064
96060
96066
96026
95989
95977
95933
95892
95864
95819
95786
95778
95750
95741
95744
95736
95748
95769
95783
95821
95868
95879
95899
95930
95963
95998
96024
96042
96059
96071
96059
96065
96069
96056
96027
95998
95967
95934
95901
95854
95820
95795
95768
95751
95750
95734
95737
95757
95759
95784
95830
95858
95880
95908
95920
95964
96007
96014
96043
96068
96061
96060
96074
96059
96057
96036
95988
95968
95943
95891
95855
95829
95785
95769
95760
95740
95735
95746
95747
95760
95793
95820
95859
95889
95898
95921
95973
95997
96015
96052
96058
96062
96069
96064
96060
96066
96026
95989
95977
95933
95892
95864
95819
95786
95778
95750
95741
95744
95736
95748
95769
95783
95821
95868
95879
95899
95930
95963
95998
96024
96042
96059
96071
96059
96065
96069
96056
96027
95998
95967
95934
95901
95854
95820
95795
95768
95751
95750
95734
95737
95757
95759
95784
95830
95858
95880
95908
95920
95964
96007
96014
96043
96068
96061
96060
96074
96059
96057
96036
95988
95968
95943
95891
95855
95829
95785
95769
95760
95740
95735
95746
95747
95760
95793
95820
95859
95889
95898
95921
95973
95997
96015
96052
96058
96062
96069
96064
96060
96066
96026
95989
95977
95933
95892
95864
95819
95786
95778
95750
95741
95744
95736
95748
95769
95783
95821
95868
95879
95899
95930
95963
95998
96024
96042
96059
96071
96059
96065
96069
96056
96027
95998
95967
95934
95901
95854
95820
95795
95768
95751
95750
95734
95737
95757
95759
95784
95830
95858
95880
95908
95920
95964
96007
96014
96043
96068
96061
96060
96074
96059
96057
96036
95988
95968
95943
95891
95855
95829
95785
95769
95760
95740
95735
95746
95747
95760
95793
95820
95859
95889
95898
95921
95973
95997
96015
96052
96058
96062
96069
96064
96060
96066
96026
95989
95977
95933
95892
95864
95819
95786
95778
95750
95741
95744
95736
95748
95769
95783
95821
95868
95879
95899
95930
95963
95998
96024
96042
96059
96071
96059
96065
96069
96056
96027
95998
95967
95934
95901
95854
95820
95795
95768
95751
95750
95734
95737
95757
95759
95784
95830
95858
95880
95908
95920
95964
96007
96014
96043
96068
96061
96060
96074
96059
96057
96036
95988
95968
95943
95891
95855
95829
95785
95769
95760
95740
95735
95746
95747
95760
95793
95820
95859
95889
95898
95921
95973
95997
96015
96052
96058
96062
96069
96064
96060
96066
96026
95989
95977
95933
95892
95864
95819
95786
95778
95750
95741
95744
95736
95748
95769
95783
95821
95868
95879
95899
95930
95963
95998
96024
96042
96059
96071
96059
96065
96069
96056